24 21 10 21 18 25 21 29 2 31 
355
20 21 5 6 17 1 
22 28 27 29 2 25 
26 1 25 2 1 19 
2 23 7 20 25 12 
31 29 24 4 23 29 
13 24 3 11 22 12 
25 19 4 17 8 15 
17 5 22 27 16 21 
24 24 20 11 1 9 
5 31 27 24 6 20 
9 19 6 29 16 10 
23 16 11 14 8 13 
15 16 15 24 4 21 
21 5 13 3 11 30 
9 3 23 26 6 22 
17 2 14 16 9 21 
9 20 20 13 4 1 
11 11 16 8 27 16 
25 13 28 7 3 1 
7 6 8 7 20 14 
18 29 10 20 29 7 
31 31 8 26 15 16 
1 9 1 13 24 1 
15 2 8 8 1 24 
26 10 30 13 9 3 
13 2 31 7 27 7 
22 22 14 9 9 27 
8 30 30 12 6 26 
1 25 14 8 24 18 
7 10 28 17 25 19 
9 18 22 6 14 13 
16 25 14 26 22 3 
19 6 25 12 31 3 
26 14 4 4 13 15 
21 6 10 13 1 17 
10 6 28 26 1 22 
5 3 17 17 28 13 
13 7 4 11 21 18 
25 26 10 26 22 12 
15 5 5 8 17 9 
3 3 25 29 16 17 
6 24 6 3 8 29 
17 9 18 23 23 7 
12 10 16 24 20 6 
7 15 15 17 11 27 
18 29 18 9 15 25 
19 15 22 18 6 28 
12 23 19 13 9 14 
25 24 13 30 27 7 
24 11 15 19 22 1 
2 20 13 11 17 10 
12 9 26 25 5 8 
17 25 4 19 12 29 
19 26 6 2 24 19 
14 20 3 11 16 4 
11 31 25 21 16 17 
16 2 6 10 1 1 
19 1 19 6 13 2 
4 5 30 17 1 28 
27 1 28 26 28 29 
8 2 24 22 15 5 
15 27 10 18 4 11 
23 10 25 6 14 23 
31 9 7 2 8 11 
6 25 31 28 26 16 
21 21 5 9 3 31 
8 28 18 15 22 18 
24 17 1 20 26 23 
3 21 19 5 26 20 
22 7 26 14 17 21 
5 19 2 25 29 14 
6 14 8 26 29 17 
6 17 19 20 9 22 
11 17 30 9 25 5 
28 16 27 17 18 27 
6 26 12 28 10 4 
17 30 19 18 15 12 
15 9 23 2 30 10 
2 2 29 4 3 31 
23 28 25 28 29 13 
19 20 27 12 21 4 
6 10 7 15 4 11 
3 24 3 19 25 17 
14 27 17 18 16 17 
30 3 23 12 5 14 
10 20 2 7 31 26 
16 4 20 20 28 21 
3 18 30 18 1 11 
29 5 4 9 15 2 
28 2 5 11 13 19 
13 25 5 25 6 15 
10 28 24 8 3 21 
28 26 30 28 15 29 
18 12 2 12 15 1 
11 2 6 31 11 30 
21 6 23 2 7 4 
16 10 13 15 9 4 
18 21 2 14 12 20 
3 31 18 8 24 1 
17 1 10 4 15 4 
9 10 18 26 19 29 
30 26 19 27 12 6 
17 4 4 30 26 26 
30 29 21 18 28 11 
13 14 13 22 17 7 
25 13 26 9 6 30 
17 24 2 5 15 18 
2 8 20 12 22 21 
29 18 7 16 5 18 
15 23 14 8 14 6 
16 9 10 13 2 30 
11 9 30 5 13 2 
24 26 14 4 16 21 
22 1 23 24 24 30 
31 10 8 9 25 14 
17 10 10 28 21 6 
8 21 6 21 1 14 
23 24 5 5 23 11 
4 12 8 25 17 14 
14 24 17 11 13 24 
23 3 15 16 20 4 
24 27 6 9 27 27 
15 2 31 9 1 31 
25 27 18 29 6 14 
7 23 24 28 14 28 
21 28 9 14 30 30 
31 7 5 2 13 28 
6 27 16 13 10 16 
14 6 23 17 18 17 
7 25 29 2 10 28 
11 28 14 9 19 31 
18 2 3 2 10 26 
27 23 15 22 23 10 
29 25 13 9 14 9 
5 4 11 23 7 5 
2 30 29 9 23 16 
15 28 8 17 26 9 
13 13 27 29 22 26 
3 16 2 19 4 16 
15 2 14 5 5 16 
21 27 26 29 31 12 
28 18 1 30 8 27 
3 13 31 5 27 2 
14 7 14 16 20 23 
3 14 26 14 25 21 
3 10 23 24 27 30 
14 16 13 16 2 4 
25 5 9 7 16 22 
16 11 7 12 22 30 
2 5 7 4 27 17 
17 15 25 12 27 29 
4 11 17 1 22 12 
20 30 6 11 22 16 
15 28 30 5 29 15 
15 22 19 25 22 23 
24 11 20 27 30 18 
10 14 9 11 3 5 
5 16 20 26 24 24 
24 23 14 22 21 30 
19 13 18 11 28 5 
10 10 21 26 9 11 
23 25 31 19 1 9 
8 4 25 26 31 13 
26 20 30 27 1 31 
9 2 22 21 9 18 
1 31 17 4 1 25 
16 11 8 9 3 31 
24 6 22 6 15 17 
6 25 13 5 17 9 
6 15 9 21 18 7 
21 2 16 14 19 2 
23 4 3 31 10 21 
6 17 17 31 3 27 
9 3 19 6 16 16 
5 27 14 9 29 18 
16 26 24 1 20 2 
15 11 19 21 15 11 
14 6 15 23 31 31 
23 6 12 14 13 15 
19 16 18 1 9 23 
19 14 7 17 16 16 
28 5 29 16 17 24 
8 19 20 9 23 10 
1 14 28 15 18 23 
6 3 13 10 14 5 
15 15 2 27 3 2 
4 29 22 31 26 26 
3 7 21 20 6 25 
26 11 25 8 31 27 
27 5 27 15 11 13 
3 19 23 25 2 2 
22 13 17 19 5 25 
20 2 19 2 12 12 
3 18 28 19 15 4 
12 7 16 7 1 30 
6 21 19 9 28 8 
3 10 6 19 30 25 
9 8 6 31 20 29 
8 26 24 16 12 24 
17 15 4 20 14 26 
18 15 13 19 13 16 
6 11 6 11 30 3 
7 15 20 4 11 8 
29 12 18 19 30 6 
6 21 9 26 24 13 
5 15 28 11 2 15 
13 22 26 22 26 10 
23 29 27 22 10 29 
5 13 5 28 22 2 
8 31 16 7 13 24 
7 11 19 24 6 16 
7 27 14 5 23 20 
13 8 17 9 27 2 
11 16 12 12 22 12 
9 9 24 26 3 3 
30 6 9 3 15 15 
22 31 23 12 16 14 
16 1 21 16 15 15 
17 30 4 15 27 29 
12 26 21 8 15 29 
23 12 25 12 7 17 
12 11 24 3 18 27 
11 31 1 29 28 22 
22 24 26 10 10 4 
30 16 10 12 22 21 
25 15 16 26 20 4 
21 5 25 4 5 5 
22 15 13 9 5 28 
29 14 30 31 17 23 
4 14 3 21 13 22 
8 31 20 4 9 4 
12 16 11 28 9 24 
28 18 19 21 19 26 
23 22 11 13 15 8 
22 26 30 25 23 6 
1 31 23 3 28 5 
16 19 7 9 28 20 
18 1 5 7 4 31 
4 14 27 8 30 23 
11 26 17 12 14 14 
6 18 25 6 28 10 
1 25 21 14 5 1 
20 14 25 23 27 14 
4 16 22 30 21 10 
10 24 1 1 24 3 
20 5 5 24 4 11 
27 12 5 27 6 11 
10 21 9 27 20 16 
29 20 30 3 9 29 
24 7 29 16 27 4 
9 1 2 19 26 1 
27 28 10 15 28 16 
10 8 11 12 21 1 
1 15 5 17 3 4 
5 17 27 8 1 29 
14 11 16 2 18 5 
10 22 26 9 31 23 
7 15 24 14 25 1 
19 12 17 28 15 13 
30 24 30 29 15 10 
5 20 28 13 2 17 
31 9 22 6 3 30 
6 24 15 14 11 19 
11 22 23 27 20 20 
12 17 28 4 4 25 
6 12 8 17 4 12 
27 25 14 8 15 17 
10 13 10 19 23 23 
29 16 14 12 18 24 
18 9 31 8 1 16 
21 28 5 29 31 22 
22 21 21 3 18 17 
5 4 7 7 17 7 
10 25 26 5 6 19 
11 26 25 15 30 26 
13 19 25 29 18 19 
12 13 13 20 28 2 
3 26 30 29 7 15 
17 12 24 24 29 8 
22 16 22 18 18 6 
28 7 22 26 22 31 
24 8 17 20 26 5 
25 22 28 24 3 12 
21 14 20 11 29 19 
3 20 21 17 8 3 
29 26 26 8 23 21 
12 8 4 31 6 30 
29 29 18 19 30 8 
11 29 13 10 29 5 
17 18 9 4 23 3 
10 7 31 15 23 1 
11 18 31 7 13 27 
8 22 8 21 14 1 
1 15 21 14 7 10 
22 19 28 21 22 5 
13 8 16 2 21 30 
31 15 7 17 9 13 
8 4 17 18 3 8 
28 28 5 9 3 9 
13 27 31 22 24 4 
4 21 27 26 26 5 
11 6 1 9 22 30 
26 15 7 9 7 3 
24 4 16 21 24 26 
1 4 6 8 21 26 
31 9 22 3 14 20 
17 13 9 13 7 28 
7 20 7 6 15 20 
2 4 21 29 29 20 
20 15 28 2 26 23 
31 3 17 7 10 13 
9 24 2 18 23 25 
26 12 29 19 14 5 
19 27 21 17 6 17 
5 2 11 2 15 30 
23 16 19 18 14 4 
12 1 10 25 29 23 
18 15 12 28 4 18 
23 1 2 23 14 30 
2 14 29 1 2 8 
3 7 10 3 27 8 
6 8 30 25 8 13 
27 26 29 30 31 22 
5 8 30 24 11 14 
29 1 2 20 16 31 
7 11 30 2 22 23 
14 16 20 5 23 27 
20 30 24 20 28 20 
1 4 15 7 28 25 
10 10 28 27 5 27 
7 17 23 30 18 29 
14 26 4 7 17 16 
2 1 17 4 4 12 
22 10 4 14 19 13 
17 1 15 5 24 13 
26 18 11 25 29 6 
4 22 13 27 6 3 
16 25 18 30 5 28 
9 6 6 16 6 27 
23 24 29 11 13 17 
14 9 2 23 13 30 
5 9 3 12 31 14 
31 26 4 2 30 26 
26 18 27 18 28 18 
7 11 13 16 3 6 
8 25 9 27 13 28 
1 25 13 20 26 28 
26 28 7 24 16 11 
23 21 26 4 16 26 
22 27 13 16 16 2 
17 21 6 29 4 6 
5 5 14 8 2 6 
13 7 24 31 24 1 
11 15 27 3 24 13 
11 5 10 15 5 17 
